0.000000000000000000e+00
4.040404040404040332e-10
8.080808080808080664e-10
1.212121212121211996e-09
1.616161616161616133e-09
2.020202020202020269e-09
2.424242424242423992e-09
2.828282828282828129e-09
3.232323232323232266e-09
3.636363636363636402e-09
4.040404040404040539e-09
4.444444444444444262e-09
4.848484848484847985e-09
5.252525252525252535e-09
5.656565656565656258e-09
6.060606060606060808e-09
6.464646464646464531e-09
6.868686868686868254e-09
7.272727272727272804e-09
7.676767676767676527e-09
8.080808080808081077e-09
8.484848484848483973e-09
8.888888888888888523e-09
9.292929292929293074e-09
9.696969696969695969e-09
1.010101010101010052e-08
1.050505050505050507e-08
1.090909090909090962e-08
1.131313131313131252e-08
1.171717171717171707e-08
1.212121212121212162e-08
1.252525252525252451e-08
1.292929292929292906e-08
1.333333333333333361e-08
1.373737373737373651e-08
1.414141414141414106e-08
1.454545454545454561e-08
1.494949494949494850e-08
1.535353535353535305e-08
1.575757575757575760e-08
1.616161616161616215e-08
1.656565656565656671e-08
1.696969696969696795e-08
1.737373737373737250e-08
1.777777777777777705e-08
1.818181818181818160e-08
1.858585858585858615e-08
1.898989898989899070e-08
1.939393939393939194e-08
1.979797979797979649e-08
2.020202020202020104e-08
2.060606060606060559e-08
2.101010101010101014e-08
2.141414141414141469e-08
2.181818181818181924e-08
2.222222222222222048e-08
2.262626262626262503e-08
2.303030303030302958e-08
2.343434343434343413e-08
2.383838383838383868e-08
2.424242424242424323e-08
2.464646464646464447e-08
2.505050505050504902e-08
2.545454545454545357e-08
2.585858585858585812e-08
2.626262626262626267e-08
2.666666666666666722e-08
2.707070707070707177e-08
2.747474747474747302e-08
2.787878787878787757e-08
2.828282828282828212e-08
2.868686868686868667e-08
2.909090909090909122e-08
2.949494949494949577e-08
2.989898989898989701e-08
3.030303030303030487e-08
3.070707070707070611e-08
3.111111111111110735e-08
3.151515151515151521e-08
3.191919191919191645e-08
3.232323232323232431e-08
3.272727272727272555e-08
3.313131313131313341e-08
3.353535353535353465e-08
3.393939393939393589e-08
3.434343434343434375e-08
3.474747474747474499e-08
3.515151515151515285e-08
3.555555555555555409e-08
3.595959595959596195e-08
3.636363636363636319e-08
3.676767676767676444e-08
3.717171717171717229e-08
3.757575757575757354e-08
3.797979797979798139e-08
3.838383838383838264e-08
3.878787878787878388e-08
3.919191919191919174e-08
3.959595959595959298e-08
4.000000000000000084e-08
4.040404040404040208e-08
4.080808080808080994e-08
4.121212121212121118e-08
4.161616161616161904e-08
4.202020202020202028e-08
4.242424242424242152e-08
4.282828282828282938e-08
4.323232323232323062e-08
4.363636363636363848e-08
4.404040404040403972e-08
4.444444444444444758e-08
4.484848484848484882e-08
4.525252525252525668e-08
4.565656565656565792e-08
4.606060606060605916e-08
4.646464646464646702e-08
4.686868686868686826e-08
4.727272727272727612e-08
4.767676767676767736e-08
4.808080808080807861e-08
4.848484848484848646e-08
4.888888888888888771e-08
4.929292929292929556e-08
4.969696969696969681e-08
5.010101010101009805e-08
5.050505050505050591e-08
5.090909090909091377e-08
5.131313131313131501e-08
5.171717171717171625e-08
5.212121212121212411e-08
5.252525252525252535e-08
5.292929292929293321e-08
5.333333333333333445e-08
5.373737373737373569e-08
5.414141414141414355e-08
5.454545454545454479e-08
5.494949494949495265e-08
5.535353535353535389e-08
5.575757575757575513e-08
5.616161616161616299e-08
5.656565656565657085e-08
5.696969696969697209e-08
5.737373737373737333e-08
5.777777777777777458e-08
5.818181818181818243e-08
5.858585858585859029e-08
5.898989898989899153e-08
5.939393939393939278e-08
5.979797979797979402e-08
6.020202020202020849e-08
6.060606060606060973e-08
6.101010101010101098e-08
6.141414141414141222e-08
6.181818181818181346e-08
6.222222222222221470e-08
6.262626262626262918e-08
6.303030303030303042e-08
6.343434343434343166e-08
6.383838383838384614e-08
6.424242424242424738e-08
6.464646464646464862e-08
6.505050505050504986e-08
6.545454545454545110e-08
6.585858585858585234e-08
6.626262626262626682e-08
6.666666666666666806e-08
6.707070707070706930e-08
6.747474747474747054e-08
6.787878787878788502e-08
6.828282828282828626e-08
6.868686868686868750e-08
6.909090909090908875e-08
6.949494949494948999e-08
6.989898989898989123e-08
7.030303030303030570e-08
7.070707070707070695e-08
7.111111111111110819e-08
7.151515151515152266e-08
7.191919191919192391e-08
7.232323232323232515e-08
7.272727272727272639e-08
7.313131313131312763e-08
7.353535353535352887e-08
7.393939393939393011e-08
7.434343434343434459e-08
7.474747474747474583e-08
7.515151515151516031e-08
7.555555555555556155e-08
7.595959595959596279e-08
7.636363636363636403e-08
7.676767676767676527e-08
7.717171717171716651e-08
7.757575757575756776e-08
7.797979797979798223e-08
7.838383838383838347e-08
7.878787878787878471e-08
7.919191919191919919e-08
7.959595959595960043e-08
8.000000000000000167e-08
