0.000000000000000000e+00
2.808560488341915920e-14
5.617120976683831839e-14
8.425681465025748074e-14
1.123424195336766368e-13
1.404280244170957928e-13
1.685136293005149615e-13
1.965992341839341049e-13
2.246848390673532736e-13
2.527704439507724422e-13
2.808560488341915857e-13
3.089416537176107291e-13
3.370272586010299230e-13
3.651128634844490664e-13
3.931984683678682098e-13
4.212840732512874037e-13
4.493696781347065471e-13
4.774552830181256906e-13
5.055408879015448845e-13
5.336264927849639774e-13
5.617120976683831713e-13
5.897977025518023652e-13
6.178833074352214581e-13
6.459689123186406521e-13
6.740545172020598460e-13
7.021401220854789389e-13
7.302257269688981328e-13
7.583113318523173267e-13
7.863969367357364196e-13
8.144825416191556135e-13
8.425681465025748074e-13
8.706537513859939004e-13
8.987393562694130943e-13
9.268249611528322882e-13
9.549105660362513811e-13
9.829961709196704741e-13
1.011081775803089769e-12
1.039167380686508862e-12
1.067252985569927955e-12
1.095338590453347250e-12
1.123424195336766343e-12
1.151509800220185436e-12
1.179595405103604730e-12
1.207681009987023823e-12
1.235766614870442916e-12
1.263852219753862211e-12
1.291937824637281304e-12
1.320023429520700397e-12
1.348109034404119692e-12
1.376194639287538785e-12
1.404280244170957878e-12
1.432365849054377173e-12
1.460451453937796266e-12
1.488537058821215359e-12
1.516622663704634653e-12
1.544708268588053746e-12
1.572793873471472839e-12
1.600879478354892134e-12
1.628965083238311227e-12
1.657050688121730320e-12
1.685136293005149615e-12
1.713221897888568708e-12
1.741307502771987801e-12
1.769393107655407096e-12
1.797478712538826189e-12
1.825564317422245483e-12
1.853649922305664576e-12
1.881735527189083669e-12
1.909821132072502762e-12
1.937906736955921855e-12
1.965992341839340948e-12
1.994077946722760445e-12
2.022163551606179538e-12
2.050249156489598631e-12
2.078334761373017724e-12
2.106420366256436817e-12
2.134505971139855910e-12
2.162591576023275406e-12
2.190677180906694499e-12
2.218762785790113592e-12
2.246848390673532685e-12
2.274933995556951778e-12
2.303019600440370871e-12
2.331105205323790368e-12
2.359190810207209461e-12
2.387276415090628554e-12
2.415362019974047647e-12
2.443447624857466740e-12
2.471533229740885833e-12
2.499618834624305329e-12
2.527704439507724422e-12
2.555790044391143515e-12
2.583875649274562608e-12
2.611961254157981701e-12
2.640046859041400794e-12
2.668132463924820291e-12
2.696218068808239384e-12
2.724303673691658477e-12
2.752389278575077570e-12
2.780474883458496663e-12
2.808560488341915756e-12
2.836646093225335252e-12
2.864731698108754345e-12
2.892817302992173438e-12
2.920902907875592531e-12
2.948988512759011624e-12
2.977074117642430717e-12
3.005159722525850214e-12
3.033245327409269307e-12
3.061330932292688400e-12
3.089416537176107493e-12
3.117502142059526586e-12
3.145587746942945679e-12
3.173673351826365175e-12
3.201758956709784268e-12
3.229844561593203361e-12
3.257930166476622454e-12
3.286015771360041547e-12
3.314101376243460640e-12
3.342186981126880137e-12
3.370272586010299230e-12
3.398358190893718323e-12
3.426443795777137416e-12
3.454529400660556509e-12
3.482615005543975602e-12
3.510700610427395098e-12
3.538786215310814191e-12
3.566871820194233284e-12
3.594957425077652377e-12
3.623043029961071470e-12
3.651128634844490967e-12
3.679214239727909656e-12
3.707299844611329153e-12
3.735385449494747842e-12
3.763471054378167339e-12
3.791556659261586835e-12
3.819642264145005524e-12
3.847727869028425021e-12
3.875813473911843710e-12
3.903899078795263207e-12
3.931984683678681896e-12
3.960070288562101393e-12
3.988155893445520890e-12
4.016241498328939579e-12
4.044327103212359076e-12
4.072412708095777765e-12
4.100498312979197262e-12
4.128583917862616758e-12
4.156669522746035447e-12
4.184755127629454944e-12
4.212840732512873633e-12
4.240926337396293130e-12
4.269011942279711819e-12
4.297097547163131316e-12
4.325183152046550813e-12
4.353268756929969502e-12
4.381354361813388999e-12
4.409439966696807688e-12
4.437525571580227185e-12
4.465611176463646681e-12
4.493696781347065370e-12
4.521782386230484867e-12
4.549867991113903556e-12
4.577953595997323053e-12
4.606039200880741742e-12
4.634124805764161239e-12
4.662210410647580736e-12
4.690296015530999425e-12
4.718381620414418922e-12
4.746467225297837611e-12
4.774552830181257108e-12
4.802638435064676604e-12
4.830724039948095293e-12
4.858809644831514790e-12
4.886895249714933479e-12
4.914980854598352976e-12
4.943066459481771665e-12
4.971152064365191162e-12
4.999237669248610659e-12
5.027323274132029348e-12
5.055408879015448845e-12
5.083494483898867534e-12
5.111580088782287031e-12
5.139665693665706527e-12
5.167751298549125216e-12
5.195836903432544713e-12
5.223922508315963402e-12
5.252008113199382899e-12
5.280093718082801588e-12
5.308179322966221085e-12
5.336264927849640582e-12
5.364350532733059271e-12
5.392436137616478768e-12
5.420521742499897457e-12
5.448607347383316954e-12
5.476692952266735643e-12
5.504778557150155139e-12
5.532864162033574636e-12
5.560949766916993325e-12
5.589035371800412822e-12
5.617120976683831511e-12
5.645206581567251008e-12
5.673292186450670505e-12
5.701377791334089194e-12
5.729463396217508691e-12
5.757549001100927380e-12
5.785634605984346876e-12
5.813720210867765566e-12
5.841805815751185062e-12
5.869891420634604559e-12
5.897977025518023248e-12
5.926062630401442745e-12
5.954148235284861434e-12
5.982233840168280931e-12
6.010319445051700428e-12
6.038405049935119117e-12
6.066490654818538614e-12
6.094576259701957303e-12
6.122661864585376799e-12
6.150747469468795489e-12
6.178833074352214985e-12
6.206918679235634482e-12
6.235004284119053171e-12
6.263089889002472668e-12
6.291175493885891357e-12
6.319261098769310854e-12
6.347346703652730351e-12
6.375432308536149040e-12
6.403517913419568537e-12
6.431603518302987226e-12
6.459689123186406722e-12
6.487774728069825411e-12
6.515860332953244908e-12
6.543945937836664405e-12
6.572031542720083094e-12
6.600117147603502591e-12
6.628202752486921280e-12
6.656288357370340777e-12
6.684373962253760274e-12
6.712459567137178963e-12
6.740545172020598460e-12
6.768630776904017149e-12
6.796716381787436645e-12
6.824801986670855334e-12
6.852887591554274831e-12
6.880973196437694328e-12
6.909058801321113017e-12
6.937144406204532514e-12
6.965230011087951203e-12
6.993315615971370700e-12
7.021401220854790197e-12
7.049486825738208886e-12
7.077572430621628383e-12
7.105658035505047072e-12
7.133743640388466568e-12
7.161829245271885257e-12
7.189914850155304754e-12
7.218000455038724251e-12
7.246086059922142940e-12
7.274171664805562437e-12
7.302257269688981934e-12
7.330342874572399815e-12
7.358428479455819312e-12
7.386514084339238809e-12
7.414599689222658306e-12
7.442685294106077802e-12
7.470770898989495684e-12
7.498856503872915180e-12
7.526942108756334677e-12
7.555027713639754174e-12
7.583113318523173671e-12
7.611198923406591552e-12
7.639284528290011049e-12
7.667370133173430546e-12
7.695455738056850043e-12
7.723541342940269539e-12
7.751626947823687421e-12
7.779712552707106918e-12
7.807798157590526414e-12
7.835883762473945911e-12
7.863969367357363792e-12
7.892054972240783289e-12
7.920140577124202786e-12
7.948226182007622283e-12
7.976311786891041780e-12
8.004397391774459661e-12
8.032482996657879158e-12
8.060568601541298655e-12
8.088654206424718151e-12
8.116739811308137648e-12
8.144825416191555530e-12
8.172911021074975026e-12
8.200996625958394523e-12
8.229082230841814020e-12
8.257167835725233517e-12
8.285253440608651398e-12
8.313339045492070895e-12
8.341424650375490392e-12
8.369510255258909889e-12
8.397595860142329385e-12
8.425681465025747267e-12
8.453767069909166763e-12
8.481852674792586260e-12
8.509938279676005757e-12
8.538023884559423638e-12
8.566109489442843135e-12
8.594195094326262632e-12
8.622280699209682129e-12
8.650366304093101626e-12
8.678451908976519507e-12
8.706537513859939004e-12
8.734623118743358501e-12
8.762708723626777997e-12
8.790794328510197494e-12
8.818879933393615376e-12
8.846965538277034872e-12
8.875051143160454369e-12
8.903136748043873866e-12
8.931222352927293363e-12
8.959307957810711244e-12
8.987393562694130741e-12
9.015479167577550238e-12
9.043564772460969735e-12
9.071650377344387616e-12
9.099735982227807113e-12
9.127821587111226609e-12
9.155907191994646106e-12
9.183992796878065603e-12
9.212078401761483484e-12
9.240164006644902981e-12
9.268249611528322478e-12
9.296335216411741975e-12
9.324420821295161472e-12
9.352506426178579353e-12
9.380592031061998850e-12
9.408677635945418347e-12
9.436763240828837843e-12
9.464848845712257340e-12
9.492934450595675221e-12
9.521020055479094718e-12
9.549105660362514215e-12
9.577191265245933712e-12
9.605276870129353209e-12
9.633362475012771090e-12
9.661448079896190587e-12
9.689533684779610084e-12
9.717619289663029581e-12
9.745704894546447462e-12
9.773790499429866959e-12
9.801876104313286455e-12
9.829961709196705952e-12
9.858047314080125449e-12
9.886132918963543330e-12
9.914218523846962827e-12
9.942304128730382324e-12
9.970389733613801821e-12
9.998475338497221318e-12
1.002656094338063920e-11
1.005464654826405870e-11
1.008273215314747819e-11
1.011081775803089769e-11
1.013890336291431719e-11
1.016698896779773507e-11
1.019507457268115456e-11
1.022316017756457406e-11
1.025124578244799356e-11
1.027933138733141305e-11
1.030741699221483094e-11
1.033550259709825043e-11
1.036358820198166993e-11
1.039167380686508943e-11
1.041975941174850731e-11
1.044784501663192680e-11
1.047593062151534630e-11
1.050401622639876580e-11
1.053210183128218530e-11
1.056018743616560318e-11
1.058827304104902267e-11
1.061635864593244217e-11
1.064444425081586167e-11
1.067252985569928116e-11
1.070061546058269904e-11
1.072870106546611854e-11
1.075678667034953804e-11
1.078487227523295754e-11
1.081295788011637703e-11
1.084104348499979491e-11
1.086912908988321441e-11
1.089721469476663391e-11
1.092530029965005340e-11
1.095338590453347129e-11
1.098147150941689078e-11
1.100955711430031028e-11
1.103764271918372978e-11
1.106572832406714927e-11
1.109381392895056715e-11
1.112189953383398665e-11
1.114998513871740615e-11
1.117807074360082564e-11
1.120615634848424514e-11
1.123424195336766302e-11
1.126232755825108252e-11
1.129041316313450202e-11
1.131849876801792151e-11
1.134658437290134101e-11
1.137466997778475889e-11
1.140275558266817839e-11
1.143084118755159788e-11
1.145892679243501738e-11
1.148701239731843688e-11
1.151509800220185476e-11
1.154318360708527426e-11
1.157126921196869375e-11
1.159935481685211325e-11
1.162744042173553113e-11
1.165552602661895063e-11
1.168361163150237012e-11
1.171169723638578962e-11
1.173978284126920912e-11
1.176786844615262700e-11
1.179595405103604650e-11
1.182403965591946599e-11
1.185212526080288549e-11
1.188021086568630499e-11
1.190829647056972287e-11
1.193638207545314237e-11
1.196446768033656186e-11
1.199255328521998136e-11
