0.000000000000000000e+00
6.779661016949152895e-10
1.355932203389830579e-09
2.033898305084745868e-09
2.711864406779661158e-09
3.389830508474576447e-09
4.067796610169491737e-09
4.745762711864407440e-09
5.423728813559322316e-09
6.101694915254237191e-09
6.779661016949152895e-09
7.457627118644068598e-09
8.135593220338983473e-09
8.813559322033898349e-09
9.491525423728814880e-09
1.016949152542372976e-08
1.084745762711864463e-08
1.152542372881355951e-08
1.220338983050847438e-08
1.288135593220339091e-08
1.355932203389830579e-08
1.423728813559322066e-08
1.491525423728813720e-08
1.559322033898305207e-08
1.627118644067796695e-08
1.694915254237288182e-08
1.762711864406779670e-08
1.830508474576271157e-08
1.898305084745762976e-08
1.966101694915254463e-08
2.033898305084745951e-08
2.101694915254237439e-08
2.169491525423728926e-08
2.237288135593220414e-08
2.305084745762711901e-08
2.372881355932203389e-08
2.440677966101694877e-08
2.508474576271186695e-08
2.576271186440678183e-08
2.644067796610169670e-08
2.711864406779661158e-08
2.779661016949152645e-08
2.847457627118644133e-08
2.915254237288135621e-08
2.983050847457627439e-08
3.050847457627118596e-08
3.118644067796610414e-08
3.186440677966101571e-08
3.254237288135593389e-08
3.322033898305085208e-08
3.389830508474576365e-08
3.457627118644068183e-08
3.525423728813559340e-08
3.593220338983051158e-08
3.661016949152542315e-08
3.728813559322034133e-08
3.796610169491525952e-08
3.864406779661017109e-08
3.932203389830508927e-08
4.000000000000000084e-08
4.135593220338983059e-08
4.271186440677966034e-08
4.406779661016949671e-08
4.542372881355932646e-08
4.677966101694915621e-08
4.813559322033898596e-08
4.949152542372881572e-08
5.084745762711864547e-08
5.220338983050847522e-08
5.355932203389831159e-08
5.491525423728813472e-08
5.627118644067797109e-08
5.762711864406780084e-08
5.898305084745763060e-08
6.033898305084746697e-08
6.169491525423729010e-08
6.305084745762712647e-08
6.440677966101696284e-08
6.576271186440678597e-08
6.711864406779660911e-08
6.847457627118644548e-08
6.983050847457628184e-08
7.118644067796611821e-08
7.254237288135594135e-08
7.389830508474576448e-08
7.525423728813560085e-08
7.661016949152543722e-08
7.796610169491526035e-08
7.932203389830509672e-08
8.067796610169491986e-08
8.203389830508475623e-08
8.338983050847459260e-08
8.474576271186441573e-08
8.610169491525423887e-08
8.745762711864407523e-08
8.881355932203391160e-08
9.016949152542374797e-08
9.152542372881357111e-08
9.288135593220339424e-08
9.423728813559323061e-08
9.559322033898306698e-08
9.694915254237290335e-08
9.830508474576272648e-08
9.966101694915254962e-08
1.010169491525423860e-07
1.023728813559322224e-07
1.037288135593220455e-07
1.050847457627118819e-07
1.064406779661017050e-07
1.077966101694915414e-07
1.091525423728813645e-07
1.105084745762712009e-07
1.118644067796610372e-07
1.132203389830508604e-07
1.145762711864406967e-07
1.159322033898305199e-07
1.172881355932203562e-07
1.186440677966101926e-07
1.200000000000000157e-07
